Label
00 53 63 65 6e 65 20 31 00 00 00 00 00

Left buttons
01 00 40 7f 00
01 00 41 7f 00
01 00 4a 7f 00
01 00 4b 7f 00 

?
00 00 00 00

Fix
00

Encoder
00 01 49 7f 00

Knobs
10 10 10 10 10 10 10 10 10
01 01 01 01 01 01 01 01 01
5e 5f 60 61 62 63 64 65 66
7f 7f 7f 7f 7f 7f 7f 7f 7f
00 00 00 00 00 00 00 00 00

Faders (+ xf ?!?)
01 01 01 01 01 01 01 01 01 01
55 56 57 58 59 5a 5b 5c 5d 48
7f 7f 7f 7f 7f 7f 7f 7f 7f 7f
00 00 00 00 00 00 00 00 00 00

Buttons
01 01 01 01 01 01 01 01 01
4c 4d 4e 4f 50 51 52 53 54
00 00 00 00 00 00 00 00 00
7f 7f 7f 7f 7f 7f 7f 7f 7f

00 00 00 00 00 00 00 00 00
00 00 00 00 00 00 00 00 00
00 00 00 00 00 00 00 00 00

Transport
10 01 42 00 7f
01 01 43 00 7f
04 01 44 00 7f
03 01 45 00 7f
00 01 46 00 7f
02 01 47 00 7f

05
